name: deep-reinforcement-learning-algorithms
channels:
  - pytorch
  - conda-forge
  - defaults
dependencies:
  - _libgcc_mutex=0.1=main
  - blas=1.0=mkl
  - bzip2=1.0.8=h516909a_2
  - ca-certificates=2020.1.1=0
  - certifi=2020.4.5.1=py38_0
  - cloudpickle=1.3.0=py_0
  - cudatoolkit=10.2.89=hfd86e86_1
  - cycler=0.10.0=py38_0
  - dbus=1.13.14=hb2f20db_0
  - expat=2.2.6=he6710b0_0
  - ffmpeg=4.2.3=h167e202_0
  - fontconfig=2.13.0=h9420a91_0
  - freetype=2.10.2=he06d7ca_0
  - future=0.18.2=py38h32f6830_1
  - glib=2.63.1=h3eb4bd4_1
  - gmp=6.2.0=he1b5a44_2
  - gnutls=3.6.13=h79a8f9a_0
  - gst-plugins-base=1.14.0=hbbd80ab_1
  - gstreamer=1.14.0=hb31296c_0
  - gym=0.17.2=py38h32f6830_0
  - icu=58.2=he6710b0_3
  - intel-openmp=2020.1=217
  - jpeg=9b=h024ee3a_2
  - kiwisolver=1.2.0=py38hfd86e86_0
  - lame=3.100=h14c3975_1001
  - ld_impl_linux-64=2.33.1=h53a641e_7
  - libedit=3.1.20181209=hc058e9b_0
  - libffi=3.3=he6710b0_1
  - libgcc-ng=9.1.0=hdf63c60_0
  - libgfortran-ng=7.3.0=hdf63c60_0
  - libiconv=1.15=h516909a_1006
  - libpng=1.6.37=hed695b0_1
  - libstdcxx-ng=9.1.0=hdf63c60_0
  - libuuid=1.0.3=h1bed415_2
  - libxcb=1.13=h1bed415_1
  - libxml2=2.9.9=hea5a465_1
  - matplotlib=3.1.3=py38_0
  - matplotlib-base=3.1.3=py38hef1b27d_0
  - mkl=2020.1=217
  - mkl-service=2.3.0=py38he904b0f_0
  - mkl_fft=1.0.15=py38ha843d7b_0
  - mkl_random=1.1.1=py38h0573a6f_0
  - ncurses=6.2=he6710b0_1
  - nettle=3.4.1=h1bed415_1002
  - ninja=1.9.0=py38hfd86e86_0
  - numpy=1.18.1=py38h4f9e942_0
  - numpy-base=1.18.1=py38hde5b4d6_1
  - openh264=2.1.1=h8b12597_0
  - openssl=1.1.1g=h7b6447c_0
  - pcre=8.43=he6710b0_0
  - pip=20.0.2=py38_3
  - pyglet=1.5.0=py38h32f6830_1
  - pyparsing=2.4.7=py_0
  - pyqt=5.9.2=py38h05f1152_4
  - python=3.8.3=hcff3b4d_0
  - python-dateutil=2.8.1=py_0
  - python_abi=3.8=1_cp38
  - pytorch=1.5.0=py3.8_cuda10.2.89_cudnn7.6.5_0
  - qt=5.9.7=h5867ecd_1
  - readline=8.0=h7b6447c_0
  - scipy=1.4.1=py38h0b6359f_0
  - setuptools=46.4.0=py38_0
  - sip=4.19.13=py38he6710b0_0
  - six=1.14.0=py38_0
  - sqlite=3.31.1=h62c20be_1
  - tk=8.6.8=hbc83047_0
  - tornado=6.0.4=py38h7b6447c_1
  - wheel=0.34.2=py38_0
  - x264=1!152.20180806=h14c3975_0
  - xz=5.2.5=h7b6447c_0
  - zlib=1.2.11=h7b6447c_3

